BubbleSort
100	156100	109500	182500	
1000	4051500	450800	943000	
10000	91171100	20926800	87029000	
SelectSort
100	139900	128000	125400	
1000	3755300	2099300	1166700	
10000	55989800	15443300	22880700	
InsercciónDirecta
100	79200	4000	131400	
1000	2840800	3800	2981200	
10000	9266000	10800	13518400	
MergeSort
100	73200	58900	54100	
1000	1274700	1214600	1304400	
10000	114791500	96135400	127880600	
QuickSort
100	37200	71900	73600	
1000	192900	1038900	1062000	
10000	937400	32638600	16980500	
BusquedaLineal
100	24900	800	4200	
1000	34800	1200	32900	
10000	317400	700	309700	
BusquedaBinaria
100	7900	1000	600	
1000	700	1200	700	
10000	1000	1700	900	
